image_width: 1280
image_height: 720
camera_name: color
camera_matrix:
  rows: 3
  cols: 3
  data: [623.426392, 0, 611.866394, 0, 620.677673, 361.729584, 0, 0, 1]
distortion_model: plumb_bob
distortion_coefficients:
  rows: 1
  cols: 5
  data: [-0.206892, 0.042873, 0.000218, -0.000257, 0]
rectification_matrix:
  rows: 3
  cols: 3
  data: [1, 0, 0, 0, 1, 0, 0, 0, 1]
projection_matrix:
  rows: 3
  cols: 4
  data: [478.5906066894531, 0.0, 600.9356409661377, 0.0, 0.0, 573.2097778320312, 361.7128868390282, 0.0, 0.0, 0.0, 1.0, 3.39124224764235e-310]
