image_width: 1280
image_height: 720
camera_name: depth
camera_matrix:
  rows: 3
  cols: 3
  data: [648.085999, 0, 601.535034, 0, 648.085999, 370.157837, 0, 0, 1]
distortion_model: plumb_bob
distortion_coefficients:
  rows: 1
  cols: 5
  data: [0, 0, -0, 0, 0]
rectification_matrix:
  rows: 3
  cols: 3
  data: [1, 0, 0, 0, 1, 0, 0, 0, 1]
projection_matrix:
  rows: 3
  cols: 4
  data: [647.5797119140625, 0.0, 601.0651197890402, 0.0, 0.0, 647.1859130859375, 369.6437477578438, 0.0, 0.0, 0.0, 1.0, 0.0]
